I100;7;444;450;461;467;475;481;491;
I101;8;452;469;470;484;485;486;488;491;
I102;8;446;458;462;463;464;476;478;491;
I110;0;
I111;6;1000;1001;1002;1003;1004;1005;
I112;6;1006;1007;1008;1009;1010;1011;
I113;6;1012;1013;1014;1015;1016;1019;
I114;2;1017;1018;
I120;8;23;24;69;70;115;149;150;161;
I121;7;26;70;71;116;153;155;162;
I122;6;72;116;117;118;152;163;
I123;4;117;118;166;437;
I130;4;442;443;459;460;
I131;5;449;466;472;480;489;
I132;6;442;454;471;473;474;487;
I133;8;448;451;459;465;468;479;482;490;
I140;6;87;89;131;133;135;177;
I141;4;134;135;137;183;
I142;7;90;94;137;138;140;181;184;
I143;6;136;140;180;182;186;234;
END;