T200;2;252;590;
F200;6;239;240;278;279;318;357;
F201;7;242;243;244;281;282;317;356;
F202;7;244;282;283;320;321;359;360;
F203;6;241;280;319;322;358;361;
F204;4;245;246;284;285;
F205;7;235;247;286;323;324;362;363;
F206;6;248;249;287;288;325;364;
F207;6;250;252;289;291;327;366;
F208;4;254;255;293;294;
F209;4;256;332;333;372;
F210;4;257;295;296;334;
F211;6;258;297;335;336;374;375;
F212;6;236;259;260;266;298;299;
F213;6;267;306;337;338;376;377;
F214;6;261;262;300;301;340;379;
F215;7;268;269;307;308;346;385;608;
F216;6;270;309;347;348;349;387;
F217;7;271;272;310;311;349;350;386;
F218;6;237;273;312;351;388;389;
F219;7;274;275;313;314;352;353;390;
D200;5;263;264;302;303;373;
D210;6;276;277;315;316;391;392;
B104;1;635;
B105;1;635;
END;