I301;1;5;
I302;1;6;
I303;1;13;
I304;1;8;
I305;2;13;15;
I306;1;14;
I307;3;11;14;238;
I308;1;1;
I309;3;9;14;22;
I310;1;10;
I311;1;17;
I312;1;19;
I313;2;19;32;
I314;1;20;
I315;1;23;
I316;1;24;
I317;2;22;238;
I318;1;25;
I319;3;13;26;32;
I320;1;18;
I321;1;29;
I322;1;30;
I323;2;75;76;
I324;1;77;
I325;1;79;
I326;1;80;
I327;2;80;238;
I328;1;81;
I329;3;59;77;85;
I330;1;84;
I331;1;588;
I332;1;589;
I333;1;592;
I334;2;589;592;
I335;1;593;
I336;1;590;
I337;3;238;593;594;
I338;1;598;
I339;2;596;597;
I340;1;599;
I341;1;319;
I342;1;326;
I343;1;329;
I344;1;330;
I345;1;333;
I346;1;343;
I347;2;238;600;
I348;1;601;
I349;1;602;
I350;1;603;
I351;1;4;
I352;1;4;
I353;1;138;
I354;2;342;346;
I355;2;1000;1004;
I356;1;1005;
I357;2;238;1004;
I358;2;235;351;
I359;5;1000;1001;1004;1005;1019;
I360;3;105;139;141;
I361;2;1001;1005;
I362;1;1005;
I363;2;1009;1019;
I364;1;1008;
I365;2;1002;1003;
I366;1;1007;
I367;2;238;353;
I368;1;1007;
I369;4;1007;1008;1009;1019;
I370;2;141;142;
I371;1;1013;
I372;1;352;
I373;2;237;352;
I374;1;1013;
I375;1;1023;
I376;1;1016;
I377;2;238;1016;
I378;1;337;
I379;3;337;353;354;
I380;3;1006;1010;1011;
I381;2;1011;1018;
I382;1;1010;
I383;1;1018;
I384;2;1010;1018;
I385;1;1024;
I386;2;1020;1027;
I387;2;238;1020;
I388;2;236;1024;
I389;3;390;391;392;
I390;2;1012;1015;
I391;1;1021;
I392;1;393;
I393;2;1020;1021;
I394;1;389;
I395;1;1025;
I396;1;1022;
I397;3;238;1014;1015;
I398;1;1014;
I399;3;1023;1024;1025;
I400;2;1017;1018;
I401;1;1026;
END;