T100;0;
F100;6;0;1;2;5;6;56;
F101;8;2;6;7;8;9;11;52;55;
F102;8;8;13;51;54;57;59;61;148;
F103;8;12;17;58;62;63;104;108;154;
F104;8;0;19;20;63;65;66;111;158;
F105;8;2;19;21;22;67;113;157;159;
F106;8;22;23;24;68;103;112;114;160;
F107;8;0;1;23;24;28;70;74;115;
F108;8;25;26;27;29;30;73;75;167;
F109;7;25;31;33;74;77;168;439;
F110;8;31;32;78;79;120;123;439;441;
F111;8;33;77;78;125;171;176;439;440;
F112;7;72;73;118;119;124;130;439;
F113;8;13;14;16;59;60;64;110;156;
D100;7;34;35;36;80;82;126;172;
D101;8;37;40;81;83;86;129;132;173;
D102;7;39;41;85;87;175;178;179;
B100;3;491;492;609;
B101;2;610;618;
B102;5;610;614;615;622;623;
B103;7;610;614;615;616;617;622;623;
B104;1;635;
B105;1;635;
H000;0;
H001;0;
H002;1;4;
H003;0;
END;