11;
0;16;
12004;12000;12008;12017;12022;13000;13001;13002;13048;23000;23004;23008;23012;22000;22002;22004;
1;7;
01000;01001;01002;01003;01004;01005;01006;
2;7;
02000;02001;02002;02003;02004;02005;02006;
3;5;
03000;03001;03002;03003;03004;
4;5;
04000;04001;04002;04003;04004;
5;7;
05000;05001;05002;05003;05040;05041;05042;
6;13;
06000;06001;06002;06003;06004;06080;06081;06082;06083;06160;06161;06162;06163;
7;13;
07000;07001;07002;07003;07004;07060;07061;07062;07063;07120;07121;07122;07123;
8;10;
08000;08001;08002;08003;08040;08041;08042;08080;08081;08082;
9;9;
10000;10001;10002;10060;10061;10062;10120;10121;10122;
99;4;
12106;12107;16033;16034;