11;
0;18;
12004;12000;12008;12009;12012;12017;12022;13000;13001;13002;13048;23000;23004;23008;23012;22001;22003;22005;
1;4;
01010;01012;01014;01016;
2;4;
02009;02011;02013;02015;
3;4;
03013;03015;03017;03019;
4;4;
04010;04012;04014;04016;
5;4;
05005;05007;05045;05047;
6;9;
06008;06010;06012;06089;06091;06093;06169;06171;06173;
7;9;
07007;07009;07011;07067;07069;07071;07127;07129;07131;
8;9;
08004;08006;08007;08044;08046;08047;08084;08086;08087;
9;9;
10000;10001;10002;10060;10061;10062;10120;10121;10122;
99;4;
12106;12107;16033;16034;