63;
1;HP快速回復;10;0;P;0;0;0;0;0;0;0;0;0;0;0;0;0;0;0;0;0;0;0;0;0;0;0;0;0;0;0;0;0;0;0;0;0;0;0;0;0;0;0;0;技能可以讓玩家在靜止狀態每隔10秒就額外的回覆HP一次;01110;恢復;5;10;15;20;25;30;35;40;45;50;增加恢復;MaxHP 0.1%;MaxHP 0.2%;MaxHP 0.3%;MaxHP 0.4%;MaxHP 0.5%;MaxHP 0.6%;MaxHP 0.7%;MaxHP 0.8%;MaxHP 0.9%;MaxHP 1%;增加效果;HP 恢復 5%;HP 恢復 10%;HP 恢復 15%;HP 恢復 20%;HP 恢復 25%;HP 恢復 30%;HP 恢復 35%;HP 恢復 40%;HP 恢復 45%;HP 恢復 50%;
2;單手劍修煉;10;1;P;0;0;0;0;0;0;0;0;0;0;0;0;0;0;0;0;0;0;0;0;0;0;0;0;0;0;0;0;0;0;0;0;0;0;0;0;0;0;0;0;提升劍士在運用短劍和單手劍方面的技巧，提高無視防禦的傷害。;01000;傷害提升;2;6;10;14;18;21;25;29;33;37;0;0;0;0;0;0;0;0;0;0;0;0;0;0;0;0;0;0;0;0;0;0;
3;盾牌修煉;10;2;P;0;0;0;0;0;0;0;0;0;0;0;0;0;0;0;0;0;0;0;0;0;0;0;0;0;0;0;0;0;0;0;0;0;0;0;0;0;0;0;0;提升劍士防衛敵人攻擊機率增加。;01000;迴避提升;3;5;7;9;11;13;15;17;19;21;0;0;0;0;0;0;0;0;0;0;0;0;0;0;0;0;0;0;0;0;0;0;
4;雙手劍修煉;10;3;P;0;0;0;0;0;0;0;0;0;0;0;0;0;0;0;0;0;0;0;0;0;0;0;0;0;0;0;0;0;0;0;0;0;0;0;0;0;0;0;0;此技能可以提昇劍士在運用雙手劍方面的技巧。;01000;傷害提升;4;8;16;24;32;40;48;56;64;72;0;0;0;0;0;0;0;0;0;0;0;0;0;0;0;0;0;0;0;0;0;0;
5;狂擊;10;4;A;0;0;0;0;0;0;0;0;0;0;80;80;80;80;80;80;80;80;80;80;6;8;10;12;14;16;18;20;22;24;45;45;45;45;45;45;45;45;45;45;這是盡全力給予敵人痛擊的技能，技能等級提升之後，有機率使對方陷入昏迷2.5秒。;01101;傷害提升度;30%;60%;90%;120%;150%;180%;210%;240%;270%;300%;暈眩機率;3%;6%;9%;12%;15%;18%;21%;24%;27%;30%;0;0;0;0;0;0;0;0;0;0;0;
6;挑釁;10;5;A;0;0;0;0;0;0;0;0;0;0;170;170;170;170;170;170;170;170;170;170;8;8;8;9;9;9;10;10;10;10;45;45;45;45;45;45;45;45;45;45;這是挑撥敵人的技巧，受到挑釁的敵人會轉而攻擊使用此技能的劍士，被動怪會變成主動怪追擊玩家。;01111;敵方傷害提升度;0%;3%;6%;9%;12%;15%;18%;21%;24%;27%;敵方防禦減少;3;4;6;8;10;12;14;16;18;20;持續時間(秒);30;30;30;30;30;30;30;30;30;30;
7;衝鋒;5;6;A;0;0;0;0;0;0;0;0;0;0;180;180;180;180;180;0;0;0;0;0;4;5;5;6;6;0;0;0;0;0;70;60;50;40;30;0;0;0;0;0;怪物接近後減速80%效果並造成物理傷害。;01111;傷害提升度;30%;40%;50%;60%;80%;0;0;0;0;0;減速效果;10;12;14;16;18;0;0;0;0;0;持續時間(秒);3;3;4;4;5;0;0;0;0;0;
8;霸體;10;7;P;0;0;0;0;0;0;0;0;0;0;0;0;0;0;0;0;0;0;0;0;0;0;0;0;0;0;0;0;0;0;0;0;0;0;0;0;0;0;0;0;Mdef增加。
[轉職技能];01000;魔法防禦力增加;4;8;12;16;20;24;28;32;36;40;0;0;0;0;0;0;0;0;0;0;0;0;0;0;0;0;0;0;0;0;0;0;
9;盾牌大師;10;8;A;10;10;10;10;10;10;10;10;10;10;0;0;0;0;0;0;0;0;0;0;18;22;26;30;34;38;42;46;50;54;120;120;120;120;120;120;120;120;120;120;反彈所受到的傷害，並增加防具基本防禦力。效果持續200秒，必須裝備盾牌才能釋放。
[轉職技能];01111;物理反射量;0.3%;0.6%;0.9%;1.2%;1.5%;1.8%;2.1%;2.4%;2.7%;3.0%;魔法反射量;0.2%;0.4%;0.6%;0.8%;1.0%;1.2%;1.4%;1.6%;1.8%;2.0%;防禦增加;10%;12%;14%;16%;18%;20%;22%;24%;26%;28%;
10;雙手劍加速;10;9;A;10;10;10;10;10;10;10;10;10;10;0;0;0;0;0;0;0;0;0;0;14;18;22;26;30;34;38;42;46;50;130;130;130;130;130;130;130;130;130;130;此技能可以讓騎士在裝備雙手劍時，攻擊速度上升。
[轉職技能];01101;持續時間(秒);30;60;90;120;150;180;210;240;270;300;Critical遞增;10;12;14;16;18;20;22;24;26;28;0;0;0;0;0;0;0;0;0;0;0;
11;怒爆;10;10;A;0;0;0;0;0;0;0;0;0;0;60;60;60;60;60;70;70;70;70;70;31;32;33;34;35;36;37;38;39;40;70;70;70;70;70;70;70;70;70;70;在自己周圍產生3*3格火屬性範圍攻擊。
[轉職技能];01001;傷害提升度;20%;40%;60%;80%;100%;120%;160%;200%;240%;300%;0;0;0;0;0;0;0;0;0;0;0;0;0;0;0;0;0;0;0;0;0;0;
12;SP快速回復;10;11;P;0;0;0;0;0;0;0;0;0;0;0;0;0;0;0;0;0;0;0;0;0;0;0;0;0;0;0;0;0;0;0;0;0;0;0;0;0;0;0;0;每隔10秒漸漸回復SP。;01000;回復值;6;9;12;15;18;21;24;27;30;33;0;0;0;0;0;0;0;0;0;0;0;0;0;0;0;0;0;0;0;0;0;0;
13;能量外套;10;12;A;5;5;5;5;5;5;5;5;5;5;0;0;0;0;0;0;0;0;0;0;5;5;5;5;5;5;5;5;5;5;80;80;80;80;80;80;80;80;80;80;消耗SP形成防禦吸收敵人傷害，每秒消耗5%SP，SP低於50%則消失，再次點選可取消技能。;11110;持續時間(秒);300;300;300;300;300;300;300;300;300;300;傷害吸收量;接受到的傷害 15%;接受到的傷害 20%;接受到的傷害 25%;接受到的傷害 30%;接受到的傷害 35%;接受到的傷害 38%;接受到的傷害 41%;接受到的傷害 44%;接受到的傷害 47%;接受到的傷害 50%;SP 減少量;吸收的傷害 52%;吸收的傷害 49%;吸收的傷害 46%;吸收的傷害 43%;吸收的傷害 40%;吸收的傷害 37%;吸收的傷害 34%;吸收的傷害 31%;吸收的傷害 28%;吸收的傷害 25%;
14;心靈爆破;10;13;A;5;5;5;5;5;5;5;5;5;5;180;180;180;180;180;180;180;180;180;180;7;8;9;10;11;12;13;14;15;16;50;50;50;50;50;50;50;50;50;50;無屬性法師基礎的魔法攻擊。;11101;攻擊增加量;20%;30%;40%;50%;60%;70%;80%;90%;100%;110%;不可移動(秒);2;2;2;2.5;2.5;2.5;3;3;3;4;0;0;0;0;0;0;0;0;0;0;0;
15;暗之障壁;10;14;A;5;5;5;5;5;5;5;5;5;5;170;170;170;175;175;175;175;180;180;180;30;35;40;45;50;55;60;65;70;75;300;300;300;300;300;300;300;300;300;300;消耗一顆藍色魔力礦石形成一個物理攻擊無效區域，受防禦等級*100限制。;11101;防禦次數;1;2;3;4;5;6;7;8;9;10;持續時間(秒);10;14;18;22;26;30;34;38;42;50;0;0;0;0;0;0;0;0;0;0;0;
16;火箭術;5;15;A;10;10;10;10;10;0;0;0;0;0;180;180;180;180;180;0;0;0;0;0;22;26;32;40;50;0;0;0;0;0;40;40;40;40;40;0;0;0;0;0;對於火屬性單一對象的魔法攻擊;11001;攻擊次數;1;2;3;4;5;0;0;0;0;0;0;0;0;0;0;0;0;0;0;0;0;0;0;0;0;0;0;0;0;0;0;0;
17;火焰箭強化;10;16;P;0;0;0;0;0;0;0;0;0;0;0;0;0;0;0;0;0;0;0;0;0;0;0;0;0;0;0;0;0;0;0;0;0;0;0;0;0;0;0;0;對於火屬性單一對象的魔法攻擊力進行強化.;01000;增加量;5%;10%;15%;20%;25%;30%;35%;40%;45%;50%;0;0;0;0;0;0;0;0;0;0;0;0;0;0;0;0;0;0;0;0;0;0;
18;火焰之壁;10;17;A;5;5;5;5;5;5;5;5;5;5;0;0;0;0;0;0;0;0;0;0;39;42;45;48;51;54;57;60;63;66;25;25;25;25;25;25;25;25;25;25;在前方直線形成3格火焰牆壁。進入該領域的怪物會受到相當於%25Matk的火屬性魔法傷害，並擊退。;11101;反彈數;3;4;5;6;7;8;9;10;11;12;持續時間(秒);5;6;7;8;9;10;11;12;13;14;0;0;0;0;0;0;0;0;0;0;0;
19;冰箭術;5;18;A;10;10;10;10;10;0;0;0;0;0;180;180;180;180;180;0;0;0;0;0;22;26;32;40;50;0;0;0;0;0;40;40;40;40;40;0;0;0;0;0;對於水屬性單一對象的魔法攻擊;11001;攻擊次數;1;2;3;4;5;0;0;0;0;0;0;0;0;0;0;0;0;0;0;0;0;0;0;0;0;0;0;0;0;0;0;0;
20;冰箭術強化;10;19;P;0;0;0;0;0;0;0;0;0;0;0;0;0;0;0;0;0;0;0;0;0;0;0;0;0;0;0;0;0;0;0;0;0;0;0;0;0;0;0;0;對於水屬性單一對象的魔法攻擊力進行強化.;01000;增加量;5%;10%;15%;20%;25%;30%;35%;40%;45%;50%;0;0;0;0;0;0;0;0;0;0;0;0;0;0;0;0;0;0;0;0;0;0;
21;冰凍術;10;20;A;10;10;10;10;10;10;10;10;10;10;160;160;160;160;160;160;160;160;160;160;20;20;20;20;22;22;22;22;22;22;70;70;70;70;70;70;70;70;70;70;此技能給予指定對象傷害的同時，可以凍結敵人，使他陷入無法動彈的狀態。隨敵人魔法防禦提升凍結機率降低。;11111;提高傷害;10%;20%;30%;40%;50%;60%;70%;80%;90%;100%;持續時間(秒);3;6;9;12;15;18;21;24;27;30;凍結機率;40%;44%;48%;52%;56%;60%;64%;68%;72%;80%;
22;雷擊術;5;21;A;10;10;10;10;10;0;0;0;0;0;180;180;180;180;180;0;0;0;0;0;22;26;32;40;50;0;0;0;0;0;40;40;40;40;40;0;0;0;0;0;對於風屬性單一對象的魔法攻擊;11001;攻擊次數;1;2;3;4;5;0;0;0;0;0;0;0;0;0;0;0;0;0;0;0;0;0;0;0;0;0;0;0;0;0;0;0;
23;雷擊術強化;10;22;P;0;0;0;0;0;0;0;0;0;0;0;0;0;0;0;0;0;0;0;0;0;0;0;0;0;0;0;0;0;0;0;0;0;0;0;0;0;0;0;0;對於風屬性單一對象的魔法攻擊力進行強化.;01000;增加量;5%;10%;15%;20%;25%;30%;35%;40%;45%;50%;0;0;0;0;0;0;0;0;0;0;0;0;0;0;0;0;0;0;0;0;0;0;
24;雷爆術;5;23;A;15;15;15;15;15;5;5;5;5;5;160;160;160;160;160;100;100;100;100;100;25;30;35;40;45;45;45;45;45;45;50;50;50;50;50;25;25;25;25;25;被指定的區域範圍3x3格以內的敵人都會受到強烈的閃電攻擊。;11001;提高傷害;0%;50%;100%;150%;200%;0;0;0;0;0;0;0;0;0;0;0;0;0;0;0;0;0;0;0;0;0;0;0;0;0;0;0;
25;地震術;5;24;A;10;10;10;10;10;5;5;5;5;5;180;180;180;180;180;100;100;100;100;100;22;26;32;40;50;50;50;50;50;50;40;40;40;40;40;25;25;25;25;25;對於地屬性單一對象的魔法攻擊;11001;攻擊次數;1;2;3;4;5;5;5;5;5;5;0;0;0;0;0;0;0;0;0;0;0;0;0;0;0;0;0;0;0;0;0;0;
26;地震術強化;10;25;P;0;0;0;0;0;0;0;0;0;0;0;0;0;0;0;0;0;0;0;0;0;0;0;0;0;0;0;0;0;0;0;0;0;0;0;0;0;0;0;0;對於地屬性單一對象的魔法攻擊力進行強化.;01000;增加量;5%;10%;15%;20%;25%;30%;35%;40%;45%;50%;0;0;0;0;0;0;0;0;0;0;0;0;0;0;0;0;0;0;0;0;0;0;
27;泥沼地;5;26;A;5;5;5;5;5;5;5;5;5;5;170;170;170;170;170;110;110;110;110;110;14;20;26;32;38;38;38;38;38;38;40;40;40;40;40;10;10;10;10;10;被指定的區域範圍3x3格以內的敵人都會受到強烈的閃電攻擊。;11101;持續時間(秒);6;7.5;10.5;13.5;15;0;0;0;0;0;成功機率;45%;55%;65%;75%;85%;0;0;0;0;0;0;0;0;0;0;0;0;0;0;0;0;
28;心靈爆破;5;27;A;15;15;15;15;15;5;5;5;5;5;170;170;170;170;170;100;100;100;100;100;24;28;32;36;40;40;40;40;40;40;30;30;30;30;30;12;12;12;12;12;元素攻擊魔法。
[轉職技能];11001;攻擊次數;1;2;3;4;5;0;0;0;0;0;0;0;0;0;0;0;0;0;0;0;0;0;0;0;0;0;0;0;0;0;0;0;
29;隕石術;10;28;A;15;15;15;15;15;15;15;15;15;15;0;0;0;0;0;0;0;0;0;0;80;85;90;95;100;105;110;115;120;125;150;150;150;150;150;150;150;150;150;150;以自身為中心，在一定範圍內釋放火屬性範圍技能。效果持續期間每0.5秒對該範圍內的所有敵人造成傷害，並15%幾率使敵人進入2.5秒的眩暈狀態。（只能使用恢復道具，不能進行其他動作）
[轉職技能];11101;提高傷害;10%;25%;40%;55%;70%;85%;100%;115%;130%;150%;持續時間(秒);2;2;2;3;3;3;4;4;4;5;0;0;0;0;0;0;0;0;0;0;0;
30;暴風雪;10;29;A;15;15;15;15;15;15;15;15;15;15;0;0;0;0;0;0;0;0;0;0;90;90;95;95;100;105;110;115;120;125;120;120;120;120;120;120;120;120;120;120;以自身為中心，在一定範圍內釋放水屬性範圍技能。效果持續期間每1秒對該範圍內的所有敵人造成傷害，並50%幾率使敵人進入9秒的冰凍狀態。（只能使用恢復道具，不能進行其他動作）
[轉職技能];11101;提高傷害;70%;75%;80%;85%;90%;95%;100%;105%;110%;120%;持續時間(秒);2;3;4;5;6;7;8;9;10;11;0;0;0;0;0;0;0;0;0;0;0;
31;怒雷強擊;10;30;A;10;10;10;10;10;10;10;10;10;10;0;0;0;0;0;0;0;0;0;0;80;85;90;95;100;105;110;115;120;125;70;70;70;70;70;70;70;70;70;70;以自身為中心，在一定範圍內釋放風屬性範圍技能。效果持續期間每0.3秒對該範圍內的所有敵人造成傷害。（只能使用恢復道具，不能進行其他動作）
[轉職技能];11101;提高傷害;0%;0%;0%;10%;10%;10%;20%;20%;20%;25%;持續時間(秒);1;1.5;1.8;2.1;3;3.3;3.6;4.5;5.1;5.5;0;0;0;0;0;0;0;0;0;0;0;
32;崩裂術;10;31;A;10;10;10;10;10;10;10;10;10;10;0;0;0;0;0;0;0;0;0;0;75;80;85;90;95;100;105;110;115;120;50;50;50;50;50;50;50;50;50;50;以自身為中心，在一定範圍內釋放地屬性範圍技能。效果持續期間每0.5秒對該範圍內的所有敵人造成傷害，並10%幾率給予敵人Lv1泥沼地效果。（只能使用恢復道具，不能進行其他動作）
[轉職技能];11101;提高傷害;0%;10%;10%;20%;20%;30%;30%;40%;40%;50%;持續時間(秒);1.5;1.5;2;2;2.5;2.5;3;3;3.5;3.5;0;0;0;0;0;0;0;0;0;0;0;
33;鈍器修練;10;32;P;0;0;0;0;0;0;0;0;0;0;0;0;0;0;0;0;0;0;0;0;0;0;0;0;0;0;0;0;0;0;0;0;0;0;0;0;0;0;0;0;使用鈍器增加傷害。;01100;ATK;8;12;16;20;24;27;30;33;36;39;MATK;3;5;7;9;11;13;15;17;19;21;0;0;0;0;0;0;0;0;0;0;0;
34;神聖之光;5;33;A;5;5;5;5;5;5;5;5;5;5;120;120;120;120;120;100;100;100;100;100;14;20;26;32;38;40;40;40;40;40;30;30;30;30;30;5;5;5;5;5;神聖屬性魔法攻擊。;11001;提高傷害;100%;150%;200%;250%;300%;0;0;0;0;0;0;0;0;0;0;0;0;0;0;0;0;0;0;0;0;0;0;0;0;0;0;0;
35;治癒術;10;34;A;0;0;0;0;0;0;0;0;0;0;180;180;180;180;180;180;180;180;180;180;20;24;28;32;36;40;46;52;58;64;10;10;10;10;10;10;10;10;10;10;恢復HP技能，瞬發魔法，會受魔法傷害影響。;11001;治療效果;0%;20%;40%;60%;80%;120%;140%;160%;180%;200%;0;0;0;0;0;0;0;0;0;0;0;0;0;0;0;0;0;0;0;0;0;0;
36;天使之賜福;10;35;A;5;5;5;5;5;5;5;5;5;5;180;180;180;180;180;180;180;180;180;180;14;16;18;20;22;24;26;28;30;32;20;20;20;20;20;20;20;20;20;20;此技能可以增加對方的STR，INT，DEX一段時間。;11101;增加量;1;2;3;4;5;6;7;8;9;10;持續時間(秒);60;80;100;120;140;160;180;200;220;240;0;0;0;0;0;0;0;0;0;0;0;
37;治療術;2;36;A;5;5;0;0;0;0;0;0;0;0;180;180;110;110;110;110;110;110;110;110;50;50;0;0;0;0;0;0;0;0;60;60;10;10;10;10;10;10;10;10;解除各種異常狀態，消耗SP50.;11001;治療効果;中毒，無法移動治療;緩速，恐懼增加治療;0;0;0;0;0;0;0;0;0;0;0;0;0;0;0;0;0;0;0;0;0;0;0;0;0;0;0;0;0;0;
38;加速術;10;37;A;5;5;5;5;5;5;5;5;5;5;180;180;180;180;180;180;180;180;180;180;14;16;18;20;22;24;26;28;30;32;70;70;70;70;70;70;70;70;70;70;增加AGI，並在持續效果時，增加角色移動速度。;11101;增加量;6;7;8;9;10;11;12;13;14;15;持續時間(秒);60;80;100;120;140;160;180;200;220;240;0;0;0;0;0;0;0;0;0;0;0;
39;緩速術;10;38;A;5;5;5;5;5;5;5;5;5;5;180;180;180;180;180;180;180;180;180;180;13;14;15;16;17;18;19;20;21;22;50;50;50;50;50;50;50;50;50;50;降低敵人攻擊速度。;11101;緩速效果;14;16;16;18;18;20;20;21;24;24;持續時間(秒);5;5;7;7;8;8;8;9;9;10;0;0;0;0;0;0;0;0;0;0;0;
40;天使之障壁;10;39;A;20;20;20;20;20;20;20;20;20;20;160;160;160;160;160;160;160;160;160;160;23;26;30;34;38;42;46;50;55;60;30;30;30;30;30;30;30;30;30;30;給目標增加減少傷害的效果。可減少目標所受到的物理傷害及魔法傷害。
[轉職技能];11101;傷害減少;10%;11%;12%;13%;14%;15%;16%;17%;18%;20%;持續時間(秒);30;60;90;120;150;180;210;240;270;300;0;0;0;0;0;0;0;0;0;0;0;
41;復活術;3;40;A;5;5;5;5;5;5;5;5;5;5;120;120;120;0;0;0;0;0;0;0;99;99;99;99;99;99;99;99;99;99;200;150;100;150;150;150;150;150;150;150;消耗一顆藍色魔力礦石當作觸媒，而讓死去的人復活的偉大技能。
[轉職技能];11001;HP 回復;1;30%;50%;0;0;0;0;0;0;0;0;0;0;0;0;0;0;0;0;0;0;0;0;0;0;0;0;0;0;0;0;0;
42;光耀之堂;10;41;A;10;10;10;10;10;10;10;10;10;10;0;0;0;0;0;0;0;0;0;0;31;35;39;43;47;51;55;59;63;67;50;50;50;50;50;50;50;50;50;50;消耗1個藍色魔力礦石，以35%魔法攻擊力的數值給予友軍恢復效果，並形成一個領域對暗屬性敵人造成神聖屬性魔法傷害。每秒觸發一次相應效果。
[轉職技能];11101;回復/傷害 次數;2;3;3;5;5;8;8;9;9;10;持續時間(秒);6;6;8;8;10;10;12;12;14;14;0;0;0;0;0;0;0;0;0;0;0;
43;瞬間移動;3;42;A;0;0;0;0;0;0;0;0;0;0;0;0;0;0;0;0;0;0;0;0;52;62;72;0;0;0;0;0;0;0;80;80;80;0;0;0;0;0;0;0;可傳送自身或者組隊成員。瞬發
[轉職技能];11101;瞬移;當前的儲存點;自身傳送至隊友位置;隊友傳送至自身位置;0;0;0;0;0;0;0;藍色魔力礦石;0;1;2;0;0;0;0;0;0;0;0;0;0;0;0;0;0;0;0;0;0;
70;神聖鈍擊;10;43;A;0;0;0;0;0;0;0;0;0;0;60;60;60;60;60;60;60;60;60;60;5;5;6;6;7;7;8;8;9;9;30;30;30;30;30;30;30;30;30;30;在鈍器上附加神聖氣息，給予敵人強力一擊。受到物理攻擊力影響的神聖屬性物理傷害。必須使用鈍器才能釋放。眩暈（2秒）;01101;傷害增加;40%;80%;120%;160%;200%;240%;280%;320%;360%;400%;狀態機率;5%;9%;13%;17%;21%;25%;29%;33%;37%;41%;0;0;0;0;0;0;0;0;0;0;0;
71;弱點攻擊;5;44;A;0;0;0;0;0;0;0;0;0;0;80;80;80;80;80;50;50;50;50;50;0;0;0;0;0;0;0;0;0;0;5;5;5;5;5;0;0;0;0;0;重擊組合技能，30%機率減少敵方裝甲。;01111;傷害提升度;60%;100%;140%;180%;220%;0;0;0;0;0;DEF減少;3;4;6;8;10;0;0;0;0;0;持續時間(秒);4;5;6;7;8;0;0;0;0;0;
72;怪物互擊;5;45;A;0;0;0;0;0;0;0;0;0;0;80;80;80;80;80;0;0;0;0;0;10;12;14;15;16;0;0;0;0;0;50;50;50;50;50;0;0;0;0;0;向自身前方3X3格內怪物進行範圍物理攻擊。（裝備雙手劍才能使用）;01001;傷害提升度;30%;35%;40%;45%;50%;0;0;0;0;0;0;0;0;0;0;0;0;0;0;0;0;0;0;0;0;0;0;0;0;0;0;0;
300;迴避率增加;10;46;P;0;0;0;0;0;0;0;0;0;0;0;0;0;0;0;0;0;0;0;0;0;0;0;0;0;0;0;0;0;0;0;0;0;0;0;0;0;0;0;0;可集中精神並提高迴避率.;01000;迴避力增加值;3;6;9;12;15;18;21;24;27;30;0;0;0;0;0;0;0;0;0;0;0;0;0;0;0;0;0;0;0;0;0;0;
301;短劍修練;10;47;P;0;0;0;0;0;0;0;0;0;0;0;0;0;0;0;0;0;0;0;0;0;0;0;0;0;0;0;0;0;0;0;0;0;0;0;0;0;0;0;0;使用短劍時,攻擊力增加. 隨機提升 Aspd各3.;01100;攻擊力增加值;2;4;6;8;10;13;16;19;23;27;攻擊速度;6;12;18;24;30;36;42;48;54;60;0;0;0;0;0;0;0;0;0;0;0;
302;拳刃修練;10;48;P;0;0;0;0;0;0;0;0;0;0;0;0;0;0;0;0;0;0;0;0;0;0;0;0;0;0;0;0;0;0;0;0;0;0;0;0;0;0;0;0;使用拳刃時,攻擊力增加. .;01000;攻擊力增加值;10;17;24;31;38;45;52;59;66;73;0;0;0;0;0;0;0;0;0;0;0;0;0;0;0;0;0;0;0;0;0;0;
303;二刀連擊 強化;10;49;P;0;0;0;0;0;0;0;0;0;0;0;0;0;0;0;0;0;0;0;0;0;0;0;0;0;0;0;0;0;0;0;0;0;0;0;0;0;0;0;0;增加二刀連擊的傷害值.
[轉職技能];01000;傷害增加值;5%;8%;11%;14%;17%;20%;23%;26%;29%;32%;0;0;0;0;0;0;0;0;0;0;0;0;0;0;0;0;0;0;0;0;0;0;
304;影分身斬強化 ;10;50;P;0;0;0;0;0;0;0;0;0;0;0;0;0;0;0;0;0;0;0;0;0;0;0;0;0;0;0;0;0;0;0;0;0;0;0;0;0;0;0;0;可提高影分身斬傷害值.
[轉職技能];01000;傷害增加值;10%;15%;20%;25%;30%;35%;40%;45%;50%;55%;0;0;0;0;0;0;0;0;0;0;0;0;0;0;0;0;0;0;0;0;0;0;
305;二刀連擊;10;51;A;0;0;0;0;0;0;0;0;0;0;50;50;50;50;50;50;50;50;50;50;6;8;10;12;14;16;18;20;22;24;60;57;54;51;48;45;42;39;36;33;在一次攻擊內可發動兩次連擊的技能. 等級提升時冷卻時間會減少.
(裝備短劍時能使用);01101;攻擊1;25%;45%;65%;85%;105%;125%;145%;165%;185%;205%;攻擊2;20%;40%;60%;80%;100%;120%;140%;160%;180%;200%;0;0;0;0;0;0;0;0;0;0;0;
306;緩速;5;52;A;0;0;0;0;0;0;0;0;0;0;70;70;70;70;70;70;70;70;70;70;0;0;0;0;0;0;0;0;0;0;5;5;5;5;5;5;5;5;5;5;使用二刀連擊後可發動的COMBO技能.有一定機率可讓敵人的移動速度減少5秒.
(裝備短劍時能使用);01100;攻擊力 增加量;30%;60%;100%;150%;200%;200%;200%;200%;200%;200%;機率;10%;15%;20%;25%;30%;30%;30%;30%;30%;30%;0;0;0;0;0;0;0;0;0;0;0;
307;施毒;10;53;A;0;0;0;0;0;0;0;0;0;0;60;60;60;60;60;60;60;60;60;60;20;25;30;35;40;45;50;55;60;65;50;50;50;50;50;50;50;50;50;50;攻擊時會施放具傷害值的毒素. 隨著等級上升毒傷害值和持續時間也上升.
(裝備短劍時能使用)
[轉職技能];01111;傷害;40%;80%;120%;160%;200%;240%;280%;320%;360%;400%;施毒成功 機率;5%;10%;15%;20%;25%;30%;35%;40%;45%;50%;持續時間(秒);2;3;4;5;6;7;8;9;10;11;
308;影分身斬;10;54;A;0;0;0;0;0;0;0;0;0;0;70;70;70;70;70;70;70;70;70;70;24;36;48;60;72;84;96;108;120;132;80;80;80;80;80;80;80;80;80;80;使用後連擊敵人8次. 受到連擊的敵人有一定機率會昏迷1.5秒.
(裝備拳刃時能使用)
[轉職技能];00101;總 攻擊力(%);100%;125%;150%;175%;200%;250%;300%;350%;400%;500%;暈眩 機率;12%;14%;16%;18%;20%;22%;24%;26%;28%;30%;0;0;0;0;0;0;0;0;0;0;0;
309;致命十字;5;55;A;0;0;0;0;0;0;0;0;0;0;70;70;70;70;70;70;70;70;70;70;8;12;16;20;24;24;0;0;0;0;45;45;45;45;45;45;45;45;45;45;對敵人留下死亡標記,有一定的機率讓敵人防禦力降低.
(裝備拳刃時能使用);01111;增加 攻擊力;42%;109%;176%;243%;310%;148%;25%;25%;25%;25%;防禦力減少;2%;4%;8%;14%;20%;20%;20%;20%;20%;20%;持續時間(秒);1;2;3;4;5;5;5;5;5;5;
310;流星飛射;10;56;A;7;7;7;7;7;7;7;7;7;7;70;70;70;70;70;70;70;70;70;70;24;25;26;27;28;29;30;31;32;33;120;120;120;120;120;120;120;120;120;120;自己周邊範圍內的敵人皆會受到波及傷害. 受到連擊的敵人有一定機率發動 3秒空砲.
(裝備拳刃時能使用);01101;增加 攻擊力;81%;108%;135%;162%;189%;216%;243%;270%;297%;324%;暈眩機率;12%;14%;16%;18%;20%;22%;24%;26%;28%;30%;0;0;0;0;0;0;0;0;0;0;0;
311;投擲;5;57;A;0;0;0;0;0;0;0;0;0;0;140;150;160;170;180;180;160;160;160;160;5;8;11;14;17;17;17;17;17;17;90;88;86;84;82;82;82;82;82;82;消耗1個藍色魔力礦石有一定機率可讓敵人暈眩. 隨著等級提升距離和持續時間也會提升.;01101;持續時間(秒);1;1.5;2;2.5;3;3;3;3;3;3;機率;10%;15%;20%;25%;30%;30%;30%;30%;30%;30%;0;0;0;0;0;0;0;0;0;0;0;
312;蒼海秘劍;10;58;A;0;0;0;0;0;0;0;0;0;0;0;0;0;0;0;0;0;0;0;0;9;11;13;15;17;19;21;23;25;27;100;100;100;100;100;100;100;100;100;100;可強化短劍，且在一定時間內有關鍵性的機率提升.
(裝備短劍時能使用);01101;爆擊(%);3%;4%;5%;6%;7%;8%;9%;10%;11%;12%;持續時間(秒);30;60;90;120;150;180;210;240;270;300;0;0;0;0;0;0;0;0;0;0;0;
313;偽裝;5;59;A;5;5;5;5;5;5;5;5;5;5;0;0;0;0;0;0;0;0;0;0;15;15;15;15;15;15;15;15;15;15;300;300;300;300;300;300;300;300;300;300;移動時別人看不到.(移動速度減少，每秒消耗15 SP)
以偽裝狀態攻擊時可發動100%關鍵性傷害. (發動連擊和被攻擊時偽裝狀態解除)
[轉職技能];11101;移動減少;2;2;2;2;2;2;2;2;2;2;持續時間(秒);6;7;8;9;10;10;7;7;7;7;0;0;0;0;0;0;0;0;0;0;0;
314;無影之牙;5;60;A;0;0;0;0;0;0;0;0;0;0;100;120;140;160;180;180;130;130;130;130;25;30;35;40;45;45;45;45;45;45;100;100;100;100;100;100;100;100;100;100;在偽裝狀態下使用的技能, 可在原距離內攻擊敵人. 目標周邊範圍內皆會受到物理攻擊.
[轉職技能];01001;攻擊力;50%;80%;110%;140%;170%;170%;170%;170%;170%;170%;0;0;0;0;0;0;0;0;0;0;0;0;0;0;0;0;0;0;0;0;0;0;
315;後退迴避 ;5;61;A;0;0;0;0;0;0;0;0;0;0;0;0;0;0;0;0;0;0;0;0;15;18;21;24;27;27;27;27;27;27;60;60;60;60;60;60;60;60;60;60;給予後方敵人威脅,可安全的迴避. 往現在視線點的反方向移動.;01001;移動距離;80;90;100;110;120;120;110;110;110;110;0;0;0;0;0;0;0;0;0;0;0;0;0;0;0;0;0;0;0;0;0;0;
316;蒼穹秘刃;10;62;A;0;0;0;0;0;0;0;0;0;0;0;0;0;0;0;0;0;0;0;0;19;23;27;31;35;39;43;47;51;55;100;100;100;100;100;100;100;100;100;100;強化拳刃時有一定時間關鍵性的機率提升 .
(裝備拳刃時能使用);01101;爆擊(%);7%;9%;11%;13%;15%;17%;19%;21%;23%;25%;持續時間(秒);24;48;72;96;120;144;168;192;216;240;0;0;0;0;0;0;0;0;0;0;0;END;